hip: 2.56188 +- 0.00407
opencl: 3.7514 +- 0.0130