hip: 1.01372 +- 0.00221
opencl: 1.04545 +- 0.00143