hip: 1.52249 +- 0.00273
opencl: 1.57308 +- 0.00232