opencl: 23.73376 +- 0.00974
hip: 24.7567 +- 0.0142